0,1,2,3,4
defect,defect,defect,defect,defect
defect,defect,defect,defect,defect
defect,defect,defect,defect,defect
defect,defect,defect,defect,defect
defect,defect,defect,defect,defect
defect,defect,defect,defect,defect
defect,defect,defect,defect,defect
defect,defect,defect,defect,defect
defect,defect,defect,defect,defect
defect,defect,defect,defect,defect
defect,defect,defect,defect,defect
defect,defect,defect,defect,defect
defect,defect,defect,defect,defect
defect,defect,defect,defect,defect
defect,defect,defect,defect,defect
defect,defect,defect,defect,defect
defect,defect,defect,defect,defect
defect,defect,defect,defect,defect
defect,defect,defect,defect,defect
defect,defect,defect,defect,defect
